z0 = +0.979291240712059974 +0.202456577726269044 (+0.999999999999999223/+1.000000000000000666)
z1 = +0.979291240712059974 -0.202456577726269044 (+0.999999999999999223/+1.000000000000000666)
z2 = +0.830111046165492583 +0.557598108886705801 (+0.999999999999999556/+1.000000000000000444)
z3 = +0.830111046165492583 -0.557598108886705801 (+0.999999999999999556/+1.000000000000000444)
z4 = +0.554463279289811428 +0.832208190250003144 (+0.999999999999998446/+1.000000000000001554)
z5 = +0.554463279289811428 -0.832208190250003144 (+0.999999999999998446/+1.000000000000001554)
z6 = +0.194209535627594132 +0.980960068642608984 (+0.999999999999998890/+1.000000000000001110)
z7 = +0.194209535627594132 -0.980960068642608984 (+0.999999999999998890/+1.000000000000001110)
z8 = -0.980804512868072798 +0.194993608966100185 (+1.000000000000000888/+0.999999999999999001)
z9 = -0.980804512868072798 -0.194993608966100185 (+1.000000000000000888/+0.999999999999999001)
z10 = -0.831664520860086465 +0.555278420922838856 (+0.999999999999999223/+1.000000000000000666)
z11 = -0.831664520860086465 -0.555278420922838856 (+0.999999999999999223/+1.000000000000000666)
z12 = -0.555839223705884677 +0.831289815521661701 (+0.999999999999999445/+1.000000000000000444)
z13 = -0.555839223705884677 -0.831289815521661701 (+0.999999999999999445/+1.000000000000000444)
z14 = -0.195715609760603149 +0.980660695702665230 (+1.000000000000000000/+1.000000000000000000)
z15 = -0.195715609760603149 -0.980660695702665230 (+1.000000000000000000/+1.000000000000000000)
