z0 = +0.705882031107843533 +0.708329413591632484 (+1.000000000000000222/+0.999999999999999778)
z1 = +0.705882031107843533 -0.708329413591632484 (+1.000000000000000222/+0.999999999999999778)
z2 = -0.707392933657305489 +0.706820512868515549 (+1.000000000000000222/+0.999999999999999778)
z3 = -0.707392933657305489 -0.706820512868515549 (+1.000000000000000222/+0.999999999999999778)
