z0 = +1.421085965029632581 +0.259862271790114896 (+1.444650033850455317/+0.692209169396327373)
z1 = +1.421085965029632581 -0.259862271790114896 (+1.444650033850455317/+0.692209169396327373)
z2 = +0.680918362540784194 +0.124513925932526637 (+0.692209169396327484/+1.444650033850455317)
z3 = +0.680918362540784194 -0.124513925932526637 (+0.692209169396327484/+1.444650033850455317)
z4 = +0.613802182504584737 +0.789459866460998638 (+1.000000000000004663/+0.999999999999995337)
z5 = +0.613802182504584737 -0.789459866460998638 (+1.000000000000004663/+0.999999999999995337)
z6 = +0.476617920523580874 +1.063594669702389028 (+1.165503437825713196/+0.857998327199733013)
z7 = +0.476617920523580874 -1.063594669702389028 (+1.165503437825713196/+0.857998327199733013)
z8 = +0.408816893410153259 +0.912616429647481131 (+1.000000000000022204/+0.999999999999977796)
z9 = +0.408816893410153259 -0.912616429647481131 (+1.000000000000022204/+0.999999999999977796)
z10 = +0.350867586701874679 +0.782977053354377395 (+0.857998327199710253/+1.165503437825744282)
z11 = +0.350867586701874679 -0.782977053354377395 (+0.857998327199710253/+1.165503437825744282)
z12 = +0.173729418959436721 +0.984793424525203132 (+1.000000000000030198/+0.999999999999969802)
z13 = +0.173729418959436721 -0.984793424525203132 (+1.000000000000030198/+0.999999999999969802)
z14 = -0.026778039654740626 +0.999641404000527922 (+0.999999999999948819/+1.000000000000051070)
z15 = -0.026778039654740626 -0.999641404000527922 (+0.999999999999948819/+1.000000000000051070)
z16 = -0.218823952207387928 +0.975764355743903966 (+0.999999999999988565/+1.000000000000011324)
z17 = -0.218823952207387928 -0.975764355743903966 (+0.999999999999988565/+1.000000000000011324)
z18 = -0.400248384893000131 +0.916406694863456495 (+1.000000000000009770/+0.999999999999990230)
z19 = -0.400248384893000131 -0.916406694863456495 (+1.000000000000009770/+0.999999999999990230)
z20 = -0.565802388327864891 +0.824540876708144799 (+1.000000000000075939/+0.999999999999924061)
z21 = -0.565802388327864891 -0.824540876708144799 (+1.000000000000075939/+0.999999999999924061)
z22 = -0.710038478685763752 +0.704162878022811967 (+0.999999999999881650/+1.000000000000118350)
z23 = -0.710038478685763752 -0.704162878022811967 (+0.999999999999881650/+1.000000000000118350)
z24 = -0.997110715203700426 +0.075961974866453008 (+0.999999999999823364/+1.000000000000176525)
z25 = -0.997110715203700426 -0.075961974866453008 (+0.999999999999823364/+1.000000000000176525)
z26 = -0.971907608629100195 +0.235362699443665752 (+1.000000000000272671/+0.999999999999727218)
z27 = -0.971907608629100195 -0.235362699443665752 (+1.000000000000272671/+0.999999999999727218)
z28 = -0.916063275554288348 +0.401033758155807385 (+0.999999999999911293/+1.000000000000088596)
z29 = -0.916063275554288348 -0.401033758155807385 (+0.999999999999911293/+1.000000000000088596)
z30 = -0.828075526585582589 +0.560616555472739364 (+1.000000000000054401/+0.999999999999945488)
z31 = -0.828075526585582589 -0.560616555472739364 (+1.000000000000054401/+0.999999999999945488)
