z0 = -0.981307399431848748 +0.192446844142226736 (+1.000000000000000222/+0.999999999999999778)
z1 = -0.981307399431848748 -0.192446844142226736 (+1.000000000000000222/+0.999999999999999778)
z2 = -0.830289267614472748 +0.557332694253822369 (+1.000000000000001110/+0.999999999999998890)
z3 = -0.830289267614472748 -0.557332694253822369 (+1.000000000000001110/+0.999999999999998890)
z4 = -0.554139998735695527 +0.832423487055238276 (+0.999999999999999556/+1.000000000000000444)
z5 = -0.554139998735695527 -0.832423487055238276 (+0.999999999999999556/+1.000000000000000444)
z6 = +0.979098924535785398 +0.203384601120317116 (+1.000000000000000888/+0.999999999999999001)
z7 = +0.979098924535785398 -0.203384601120317116 (+1.000000000000000888/+0.999999999999999001)
z8 = +0.831531226795031997 +0.555478009343979173 (+1.000000000000000444/+0.999999999999999556)
z9 = +0.831531226795031997 -0.555478009343979173 (+1.000000000000000444/+0.999999999999999556)
z10 = +0.552794366239632073 +0.833317699712253779 (+0.999999999999999223/+1.000000000000000666)
z11 = +0.552794366239632073 -0.833317699712253779 (+0.999999999999999223/+1.000000000000000666)
z12 = +0.192397921216348772 +0.981316992572547564 (+1.000000000000000888/+0.999999999999999112)
z13 = +0.192397921216348772 -0.981316992572547564 (+1.000000000000000888/+0.999999999999999112)
z14 = -0.193798376283605273 +0.981041380039516242 (+1.000000000000000222/+0.999999999999999778)
z15 = -0.193798376283605273 -0.981041380039516242 (+1.000000000000000222/+0.999999999999999778)
