z0 = -0.702169224159583827 +0.712010098694623061 (+0.999999999999999445/+1.000000000000000444)
z1 = -0.702169224159583827 -0.712010098694623061 (+0.999999999999999445/+1.000000000000000444)
z2 = +0.708343105558571162 +0.705868291402609538 (+1.000000000000000222/+0.999999999999999778)
z3 = +0.708343105558571162 -0.705868291402609538 (+1.000000000000000222/+0.999999999999999778)
